TRAINING...
['Epsiode', 1000, 0.1438, 0.05955551767488441]
['Epsiode', 2000, 0.1407, 0.059230009871668314]
['Epsiode', 3000, 0.1387, 0.056714187885202015]
['Epsiode', 4000, 0.1401, 0.0573071788025059]
['Epsiode', 5000, 0.1349, 0.055970603759795366]
['Epsiode', 6000, 0.1325, 0.0560207216432745]
['Epsiode', 7000, 0.1438, 0.057595762343360876]
['Epsiode', 8000, 0.1383, 0.05549459162878194]
['Epsiode', 9000, 0.1401, 0.05495441435512282]
['Epsiode', 10000, 0.1373, 0.05468555327672462]
['Epsiode', 11000, 0.1355, 0.05514775795839197]
['Epsiode', 12000, 0.1389, 0.055604573016200795]
['Epsiode', 13000, 0.1368, 0.05544399821508255]
['Epsiode', 14000, 0.1379, 0.054142180793250186]
['Epsiode', 15000, 0.1397, 0.05542716768264944]
['Epsiode', 16000, 0.1408, 0.05519871898670409]
['Epsiode', 17000, 0.1431, 0.05502021623354648]
['Epsiode', 18000, 0.1378, 0.053800443458980045]
['Epsiode', 19000, 0.145, 0.05661536301574209]
['Epsiode', 20000, 0.1352, 0.05216108314528728]
['Epsiode', 21000, 0.15, 0.05584411117226197]
['Epsiode', 22000, 0.1407, 0.053759578544061305]
['Epsiode', 23000, 0.1385, 0.053717327185815504]
['Epsiode', 24000, 0.1367, 0.052844500632111255]
['Epsiode', 25000, 0.1409, 0.05347038537516322]
['Epsiode', 26000, 0.1344, 0.05392424769381097]
['Epsiode', 27000, 0.1435, 0.053592918019815035]
['Epsiode', 28000, 0.1435, 0.05419354838709677]
['Epsiode', 29000, 0.133, 0.05054351363665951]
['Epsiode', 30000, 0.1457, 0.05411946945493271]
['Epsiode', 31000, 0.147, 0.05292224943572012]
['Epsiode', 32000, 0.1431, 0.05269166732736066]
['Epsiode', 33000, 0.1441, 0.05156108919830823]
['Epsiode', 34000, 0.145, 0.05296586853648183]
['Epsiode', 35000, 0.1457, 0.05365625]
['Epsiode', 36000, 0.1399, 0.05100343546456497]
['Epsiode', 37000, 0.1457, 0.052482006610446975]
['Epsiode', 38000, 0.1402, 0.05146304490958367]
['Epsiode', 39000, 0.1423, 0.05203543620869352]
['Epsiode', 40000, 0.1428, 0.05182187462107433]
['Epsiode', 41000, 0.14, 0.05101022321698627]
['Epsiode', 42000, 0.1483, 0.05196715651690959]
['Epsiode', 43000, 0.1418, 0.04977307790243099]
['Epsiode', 44000, 0.1467, 0.0525090301203021]
['Epsiode', 45000, 0.1485, 0.051416937868723346]
['Epsiode', 46000, 0.142, 0.0513347022587269]
['Epsiode', 47000, 0.1512, 0.053021454023923234]
['Epsiode', 48000, 0.1379, 0.050793325226716673]
['Epsiode', 49000, 0.1413, 0.05145684923508116]
['Epsiode', 50000, 0.1438, 0.051537664384861265]
['Epsiode', 51000, 0.1451, 0.05203067805473244]
['Epsiode', 52000, 0.1407, 0.05022870582803053]
['Epsiode', 53000, 0.1443, 0.05097920887394572]
['Epsiode', 54000, 0.1441, 0.04898556547192011]
['Epsiode', 55000, 0.1412, 0.049312911537360435]
['Epsiode', 56000, 0.1378, 0.05110825110825111]
['Epsiode', 57000, 0.1466, 0.050216450216450215]
['Epsiode', 58000, 0.1422, 0.05005329354082285]
['Epsiode', 59000, 0.1433, 0.050796207593291225]
['Epsiode', 60000, 0.1434, 0.052043766653438406]
['Epsiode', 61000, 0.142, 0.04984073975332202]
['Epsiode', 62000, 0.1474, 0.050464361642609375]
['Epsiode', 63000, 0.1407, 0.05065909948697877]
['Epsiode', 64000, 0.1498, 0.05024000447821767]
['Epsiode', 65000, 0.1401, 0.049867853665322016]
['Epsiode', 66000, 0.1399, 0.049136008918617614]
['Epsiode', 67000, 0.1446, 0.05119842338278767]
['Epsiode', 68000, 0.1479, 0.04999724457180646]
['Epsiode', 69000, 0.1501, 0.05123923603444469]
['Epsiode', 70000, 0.1476, 0.05045082249294514]
['Epsiode', 71000, 0.1507, 0.05123684645474078]
['Epsiode', 72000, 0.139, 0.04903429788988934]
['Epsiode', 73000, 0.1417, 0.05041855884444931]
['Epsiode', 74000, 0.1439, 0.050287277701778384]
['Epsiode', 75000, 0.1498, 0.050488510452486215]
['Epsiode', 76000, 0.1408, 0.050187572471182045]
['Epsiode', 77000, 0.1443, 0.05025289606787404]
['Epsiode', 78000, 0.139, 0.04880598433321115]
['Epsiode', 79000, 0.144, 0.05024464956152835]
['Epsiode', 80000, 0.1407, 0.05005685202230765]
['Epsiode', 81000, 0.1465, 0.05072178922399187]
['Epsiode', 82000, 0.1391, 0.049395038914442184]
['Epsiode', 83000, 0.1406, 0.048142460734394786]
['Epsiode', 84000, 0.146, 0.05090782029055625]
['Epsiode', 85000, 0.1457, 0.049355125339939146]
['Epsiode', 86000, 0.1435, 0.0488696630417314]
['Epsiode', 87000, 0.151, 0.050607260283164465]
['Epsiode', 88000, 0.1449, 0.04875700397170329]
['Epsiode', 89000, 0.141, 0.04786429976054473]
['Epsiode', 90000, 0.1384, 0.04848703362444248]
['Epsiode', 91000, 0.147, 0.050397736372857826]
['Epsiode', 92000, 0.1414, 0.049303936588290145]
['Epsiode', 93000, 0.138, 0.04772890939642067]
['Epsiode', 94000, 0.1422, 0.04938584441391819]
['Epsiode', 95000, 0.1492, 0.05010249447594708]
['Epsiode', 96000, 0.1442, 0.04843868193701644]
['Epsiode', 97000, 0.1444, 0.0492469899466204]
['Epsiode', 98000, 0.1361, 0.046075560208314006]
['Epsiode', 99000, 0.1472, 0.04977237838123975]
['Epsiode', 100000, 0.1423, 0.04862819800513268]
['Epsiode', 101000, 0.1432, 0.048775653139164564]
['Epsiode', 102000, 0.1456, 0.0487814527615129]
['Epsiode', 103000, 0.1408, 0.04864072670618836]
['Epsiode', 104000, 0.1457, 0.048788836229594526]
['Epsiode', 105000, 0.1411, 0.04900083208960152]
['Epsiode', 106000, 0.1445, 0.04904262052959173]
['Epsiode', 107000, 0.1398, 0.04757257224251856]
['Epsiode', 108000, 0.14, 0.04892082550608883]
['Epsiode', 109000, 0.1478, 0.049570869204097506]
['Epsiode', 110000, 0.1453, 0.05075286932715595]
['Epsiode', 111000, 0.1369, 0.04668330487324314]
['Epsiode', 112000, 0.1408, 0.04791080491204081]
['Epsiode', 113000, 0.1453, 0.04867692873950022]
['Epsiode', 114000, 0.146, 0.04924436728090597]
['Epsiode', 115000, 0.1413, 0.04893938398896697]
['Epsiode', 116000, 0.1383, 0.04908370936550327]
['Epsiode', 117000, 0.1421, 0.0492635988741245]
['Epsiode', 118000, 0.1448, 0.05001246702799176]
['Epsiode', 119000, 0.146, 0.049379649361346076]
['Epsiode', 120000, 0.1481, 0.0494293595492398]
['Epsiode', 121000, 0.1405, 0.048045453355326895]
['Epsiode', 122000, 0.1437, 0.04818522337218256]
['Epsiode', 123000, 0.1423, 0.04820428249829852]
['Epsiode', 124000, 0.1431, 0.04831466541343568]
['Epsiode', 125000, 0.1405, 0.04695289051285397]
['Epsiode', 126000, 0.1435, 0.049548666901804025]
['Epsiode', 127000, 0.1405, 0.04842618166657981]
['Epsiode', 128000, 0.1463, 0.04935893263911487]
['Epsiode', 129000, 0.1425, 0.04906630475917057]
['Epsiode', 130000, 0.1458, 0.049115142636652585]
['Epsiode', 131000, 0.1433, 0.048999336792416026]
['Epsiode', 132000, 0.1481, 0.04849367813101618]
['Epsiode', 133000, 0.1442, 0.048246011896276905]
['Epsiode', 134000, 0.1492, 0.050337406529272294]
['Epsiode', 135000, 0.1464, 0.04914761240168521]
['Epsiode', 136000, 0.1406, 0.04724665591006089]
['Epsiode', 137000, 0.1419, 0.049192067811617037]
['Epsiode', 138000, 0.1449, 0.048280707232348466]
['Epsiode', 139000, 0.1392, 0.048057126475723855]
['Epsiode', 140000, 0.1423, 0.049029062947999476]
['Epsiode', 141000, 0.1456, 0.047776181787595275]
['Epsiode', 142000, 0.1429, 0.049337049675688346]
['Epsiode', 143000, 0.144, 0.047550394846217786]
['Epsiode', 144000, 0.1437, 0.04753820033955857]
['Epsiode', 145000, 0.1395, 0.04778897559572827]
